Data:		Genesis block
Timestamp:	1740154517.67251
Nonce:		144742
Hash:		00000a3d00706334122417a62d9ac274a15367b7cdfa83f7001d66866ec10c63
PrevHash:	0

Data:		First transaction: Misha -> Sasha 0.0120001 BTC
Timestamp:	1740154518.0743487
Nonce:		124628
Hash:		00000f186843bf02931a0bc7213dbff66014286eeab98f48d976788356f48cf5
PrevHash:	00000a3d00706334122417a62d9ac274a15367b7cdfa83f7001d66866ec10c63

Data:		Second transaction: Juli -> Karl 0.0000004 BTC
Timestamp:	1740154518.413365
Nonce:		413927
Hash:		000008acb5e74dbd73b0b9e1ddca70bb5d4e3f13efe53c68903ad1216dd588eb
PrevHash:	00000f186843bf02931a0bc7213dbff66014286eeab98f48d976788356f48cf5

Data:		Third transaction: Alice -> Misha 0.5550000 BTC
Timestamp:	1740154519.5021663
Nonce:		477559
Hash:		00000618ef0748dd066fb5f990793b894b94a3f0a1f3a450ed8ec4d1d0d1eb62
PrevHash:	000008acb5e74dbd73b0b9e1ddca70bb5d4e3f13efe53c68903ad1216dd588eb

